0 29.754330600000305
1 31.776114800000137
2 30.026615999999844
3 28.139479999999875
4 13.586906399999965
5 21.196540200000058
6 11.62505479999999
7 16.284997600000068
8 11.558124400000027
9 11.295071999999989
10 10.993676399999961
11 10.089275199999982
12 13.148030399999985
13 11.974540800000009
14 12.042722400000063
15 10.59765220000002
16 9.818650999999985
17 11.209162999999998
18 14.019303999999954
19 14.683443800000035
20 11.028746000000051
21 10.968021800000026
22 10.630816599999985
23 11.261769600000019
24 9.823457399999983
25 10.731304000000007
26 10.264251800000013
27 11.956103000000002
28 11.907225600000013
29 11.27763320000004
30 12.316461800000027
31 10.062773200000017
32 11.126040000000058
33 11.949568400000043
34 11.308756200000033
35 9.064436800000031
36 10.945560000000023
37 18.958300600000122
38 8.974381200000035
39 15.851288600000101
40 9.785019599999998
41 6.988875199999974
42 12.132634199999993
43 12.143328799999983
44 11.886803000000006
45 14.295921000000003
46 12.377056799999979
47 9.216876
48 11.255989399999974
49 11.650572599999974
