0 30.808165999999847
1 25.922336399999946
2 27.11500699999996
3 25.539828399999898
4 18.601054199999897
5 13.64621280000001
6 12.670641400000012
7 16.340232800000006
8 11.163516399999947
9 11.011290999999982
10 10.862156399999991
11 12.082765000000004
12 12.888435800000003
13 10.694493600000035
14 10.98847680000002
15 11.209474800000057
16 10.438550800000018
17 9.130339200000043
18 11.648422800000029
19 10.460810000000016
20 10.079008200000047
21 10.375567000000004
22 8.588781600000017
23 9.182371400000013
24 11.512218399999991
25 9.821227600000016
26 11.153516999999997
27 10.254773400000012
28 11.197846800000018
29 10.391850600000023
30 10.343198399999993
31 10.80577399999999
32 12.151060199999979
33 11.148437199999975
34 11.4988708
35 10.520598399999969
36 11.954697600000003
37 18.121006999999967
38 9.622239199999987
39 14.507099400000008
40 13.043800399999995
41 9.871130399999991
42 9.235888799999985
43 11.615437399999973
44 14.224629000000034
45 11.895336800000006
46 11.888114999999976
47 9.15490479999999
48 9.506190999999975
49 12.136928799999978
50 14.62355740000001
51 10.863648399999972
52 8.899622199999985
53 9.854226599999992
54 10.214805799999967
55 10.990911799999969
56 11.564726600000002
57 10.033537199999985
58 10.580947999999992
59 11.441708999999973
60 11.102178799999969
61 11.604263999999977
62 11.18340799999997
63 10.992823199999972
64 11.874090599999985
65 10.877779799999972
66 11.602268600000002
67 9.250877199999964
68 11.940450800000008
69 12.040001199999978
70 9.129816599999973
71 11.99850219999998
72 8.818068999999982
73 9.0603702
74 10.928358399999997
75 10.142251399999994
76 15.241929800000005
77 11.087839399999968
78 12.291815199999979
79 11.674727399999972
80 10.329957999999968
81 10.492335599999969
82 13.110309200000028
83 12.826490200000018
84 10.921992400000002
85 10.689481199999967
86 10.642658599999965
87 9.904199599999968
88 9.004816599999984
89 8.660297199999961
90 11.918607200000007
91 10.54862179999999
92 10.362915599999967
93 12.21815799999998
94 10.113765199999994
95 11.539513599999973
96 11.938221399999977
97 10.690818799999965
98 11.5543718
99 10.977340799999999
