0 34.30642319999976
1 27.699328999999977
2 13.221457000000003
3 12.336319200000046
4 12.750979600000049
5 11.695638599999967
6 10.759390000000044
7 14.135394000000051
8 9.955349599999979
9 10.308746000000044
10 11.497290400000054
11 10.103406999999983
12 14.954410000000074
13 11.47508220000003
14 11.285031800000022
15 10.054784400000047
16 10.466579600000047
17 9.633903000000005
18 14.52521080000011
19 14.235330600000086
20 11.112147599999984
21 10.258392399999993
22 11.005799199999995
23 10.020793799999966
24 9.44794819999999
25 11.359535200000005
26 11.966484199999977
27 11.582858
28 11.696438200000005
29 10.250645799999967
30 11.5364128
31 11.758409400000003
32 12.158772399999979
33 11.714569600000003
34 7.448745399999968
35 10.227346199999964
36 11.173728999999994
37 10.850720999999993
38 10.70706079999997
39 11.489967600000002
40 9.444997599999997
41 10.29241599999997
42 11.733980200000005
43 13.75622680000003
44 13.479825199999997
45 11.233014599999997
46 11.986920800000009
47 11.536653599999973
48 9.37180899999999
49 11.110206199999993
50 13.725089400000003
51 11.965052400000006
52 9.894201599999992
53 11.924089999999977
54 11.4176416
55 10.859968599999997
56 11.734387399999974
57 11.628149400000005
58 11.074215799999994
59 11.714810399999974
60 11.786895600000005
61 11.802269000000004
62 12.056992599999978
63 11.088362599999993
64 10.540972999999994
65 11.728941799999975
66 11.668124400000004
67 9.610238800000001
68 11.143466599999972
69 11.674594600000004
70 12.196968000000016
71 17.759876000000027
72 11.014882799999999
73 6.887936599999978
74 12.51767159999998
75 10.816057399999996
76 14.841002600000042
77 12.158772399999979
78 9.268804799999984
79 8.76845279999998
80 10.399462599999968
81 11.793365800000005
82 10.446928800000002
83 12.29167499999998
84 10.109900399999992
85 12.197403800000012
86 11.126674399999969
87 10.770870199999996
88 11.426544799999999
89 10.95999699999997
90 9.87882819999999
91 11.689968000000004
92 12.028455399999977
93 11.411171399999999
94 10.679326199999993
95 11.927132199999992
96 11.404701199999998
97 11.4924006
98 10.182375199999969
99 11.235625
